OrderedDict([('embedding.weight', tensor([[-0.0450,  0.0096, -0.0221,  ..., -0.0098, -0.0209, -0.0109],
        [ 0.0110, -0.0334, -0.0339,  ..., -0.0015, -0.0551,  0.0415],
        [-0.0309, -0.0443,  0.0123,  ...,  0.0258, -0.0526,  0.0324],
        ...,
        [-0.0102, -0.0300,  0.0058,  ..., -0.0039, -0.0498,  0.0155],
        [-0.0218, -0.0381, -0.0396,  ...,  0.0197, -0.0548,  0.0325],
        [-0.0042,  0.0380,  0.0169,  ..., -0.0092, -0.0022, -0.0228]])), ('embedding.bias', tensor([ 3.0135e-03, -5.7668e-03,  2.2853e-02, -1.8714e-02,  9.1823e-03,
        -2.6086e-02, -9.7744e-03, -1.9137e-02,  1.4212e-02, -1.1213e-02,
        -3.5699e-03, -2.4990e-02,  4.2071e-03, -6.5073e-03,  8.4808e-03,
        -1.4080e-02,  2.8279e-02,  4.0063e-03, -3.2012e-03,  1.5235e-02,
         2.1755e-04,  3.5044e-02,  6.0456e-04, -2.1678e-02,  2.0018e-02,
         3.0232e-02, -8.5303e-03, -1.4149e-02, -6.7898e-03,  3.0838e-02,
         6.6084e-05, -2.0394e-02,  1.8440e-02,  2.9506e-02, -1.3964e-02,
         1.3632e-02,  2.0565e-02,  3.5619e-03, -2.1624e-02, -1.7077e-02,
        -9.2887e-03,  2.4845e-02, -5.1517e-03,  2.0952e-02, -9.7798e-03,
         2.0256e-02,  2.8399e-03,  1.1315e-02,  1.2246e-02,  1.4979e-02,
        -8.7415e-03,  2.0264e-02, -1.5141e-02,  2.7871e-02,  6.4742e-03,
         1.1709e-02,  6.1911e-03, -1.0542e-02, -3.6318e-03, -1.1692e-02,
         2.0773e-02,  1.4732e-02,  2.9699e-02,  1.0462e-02, -9.7559e-03,
        -4.4347e-04,  2.2646e-02,  2.1300e-02,  1.5452e-02,  2.9331e-02,
        -9.7057e-03,  2.7232e-02, -2.6252e-02, -2.5764e-02, -2.2819e-02,
        -4.7426e-03,  1.3626e-02, -1.5627e-03,  5.5455e-03,  1.4089e-02,
         2.7218e-03, -1.3941e-02,  1.9323e-02,  1.4044e-02,  7.7381e-03,
        -3.9060e-04, -9.2609e-04, -2.8388e-02,  2.7298e-02, -1.7507e-02,
        -2.4183e-04, -2.0410e-03,  2.0117e-02,  8.5960e-03,  8.5470e-03,
        -2.7285e-03,  2.5354e-02,  1.1178e-02, -1.0864e-02, -9.7722e-03,
         3.6904e-03, -2.2663e-02,  2.2751e-02, -2.4043e-02,  2.0608e-02,
        -2.4773e-02, -2.4030e-02, -1.4832e-02, -2.4327e-02, -1.5463e-04,
        -7.4117e-03,  1.9379e-03, -1.8908e-02,  2.5930e-02,  2.0095e-03,
        -1.8064e-02, -4.3605e-03,  1.6984e-02, -1.5308e-02,  3.9558e-03,
        -2.9637e-02,  1.4425e-02, -2.3394e-02, -2.3628e-02, -2.5942e-02,
         1.8807e-02, -2.5945e-02,  1.0951e-02, -1.4783e-02, -6.2770e-03,
         1.4556e-02, -1.3417e-02,  2.3367e-02, -9.0712e-03, -1.2571e-02,
        -1.0504e-02,  1.6040e-02,  1.0110e-02, -2.6736e-02,  1.7291e-02,
        -6.1226e-03,  1.0403e-02, -1.8961e-02,  2.4114e-02,  2.6496e-02,
        -6.3288e-03,  2.5108e-02, -3.0189e-02,  8.4642e-03, -7.3414e-03,
         1.6718e-02, -1.7558e-02, -3.6307e-02, -2.2461e-02, -2.4788e-02,
        -2.4173e-02,  2.4138e-04,  2.3992e-02,  3.2607e-02, -6.4336e-04,
         2.0326e-02, -1.3266e-03,  1.8221e-02,  8.4095e-03,  2.0871e-02,
        -1.2507e-03, -1.5973e-03, -3.1017e-02,  1.6989e-02, -1.5238e-03,
         1.0558e-02,  4.2676e-03, -1.1189e-02,  2.6133e-02, -2.7243e-02,
         3.5040e-02, -2.5212e-02,  2.5802e-02, -9.7456e-03, -2.1524e-02,
         4.5709e-03, -2.9394e-02, -5.6299e-03, -1.6963e-02, -8.5252e-03,
         3.4637e-03,  2.4727e-02,  2.4936e-02,  1.6164e-02, -1.6973e-02,
        -2.4042e-02, -1.7179e-02, -2.3664e-02,  2.7655e-03, -9.1293e-03,
         1.6406e-02,  1.7279e-02,  2.1040e-02,  1.3357e-02, -5.5257e-03,
         1.9741e-02,  3.0864e-02,  6.4196e-03,  3.5321e-03, -8.6867e-03,
        -2.5058e-02, -3.1297e-02, -2.0512e-02, -1.4970e-02,  1.4445e-02,
        -4.0085e-03, -8.2863e-03,  1.2023e-02, -9.8390e-03, -2.1446e-03,
         1.7805e-02, -1.1753e-02,  1.2023e-02,  3.0780e-02,  2.2954e-02,
        -2.2015e-02,  2.5327e-02,  1.9669e-02,  2.7424e-02,  8.2945e-03,
         4.0545e-03, -1.1496e-02,  1.4514e-02, -1.5157e-02, -3.6648e-03,
         1.2434e-02,  1.9252e-02, -2.1523e-03, -1.4339e-02, -2.6085e-02,
        -2.3073e-02, -1.5421e-02,  1.5720e-02, -1.9400e-02,  1.2197e-02,
        -4.7381e-03, -1.0534e-03,  1.3882e-03,  2.8376e-02,  1.2701e-02,
         1.4830e-02,  3.0877e-03, -1.4053e-02, -1.9512e-02,  2.6890e-02,
        -1.7072e-02, -1.8638e-02,  1.2922e-02,  3.6441e-03, -6.8176e-03,
        -9.5362e-04])), ('lstm.weight_ih_l0', tensor([[ 0.0483, -0.0271,  0.0304,  ...,  0.0248, -0.0252,  0.0155],
        [ 0.0699,  0.0909,  0.0688,  ..., -0.0260,  0.0267, -0.0658],
        [ 0.0041,  0.0653, -0.0261,  ...,  0.0229, -0.0054,  0.0313],
        ...,
        [ 0.0583,  0.0026,  0.0278,  ...,  0.0325,  0.0811,  0.0080],
        [ 0.0281,  0.0421, -0.0113,  ..., -0.0059,  0.0074, -0.0324],
        [ 0.0773,  0.0597, -0.0232,  ...,  0.0069,  0.0598,  0.0138]])), ('lstm.weight_hh_l0', tensor([[ 0.0074, -0.0451,  0.0306,  ..., -0.0350, -0.0609,  0.0072],
        [-0.0322,  0.0185,  0.0396,  ...,  0.0269,  0.0512,  0.0106],
        [-0.0576,  0.0563,  0.0624,  ..., -0.0373,  0.0469,  0.0326],
        ...,
        [ 0.0109, -0.0445,  0.0026,  ..., -0.0552,  0.0357, -0.0235],
        [ 0.0508, -0.0236, -0.0261,  ..., -0.0623,  0.0119,  0.0360],
        [-0.0164, -0.0375, -0.0398,  ...,  0.0376, -0.0064, -0.0337]])), ('lstm.bias_ih_l0', tensor([ 0.0239, -0.0296,  0.0795,  ...,  0.0636,  0.0769,  0.0207])), ('lstm.bias_hh_l0', tensor([ 0.0740,  0.0432, -0.0102,  ..., -0.0082,  0.0075,  0.0056])), ('lstm.weight_ih_l1', tensor([[ 0.0702, -0.0217,  0.0174,  ...,  0.0922, -0.0014,  0.0219],
        [-0.0017,  0.0550,  0.0271,  ..., -0.0123,  0.0206,  0.0311],
        [-0.0163, -0.0002,  0.0741,  ..., -0.0066,  0.0570, -0.0032],
        ...,
        [ 0.0346, -0.0146, -0.0349,  ...,  0.0192,  0.0426, -0.0063],
        [ 0.0587, -0.0178,  0.0137,  ..., -0.0156,  0.0744,  0.0040],
        [ 0.0387,  0.0575, -0.0351,  ...,  0.0532, -0.0072,  0.0195]])), ('lstm.weight_hh_l1', tensor([[ 0.0616,  0.0392,  0.0191,  ...,  0.0281, -0.0402, -0.0182],
        [ 0.0172,  0.0261, -0.0292,  ...,  0.0098, -0.0463, -0.0428],
        [ 0.0587,  0.0402,  0.0304,  ...,  0.0318, -0.0231, -0.0232],
        ...,
        [-0.0144, -0.0464, -0.0319,  ...,  0.0089, -0.0376,  0.0236],
        [-0.0336,  0.0270, -0.0371,  ...,  0.0227,  0.0195,  0.0404],
        [ 0.0356,  0.0406,  0.0314,  ..., -0.0614, -0.0555, -0.0285]])), ('lstm.bias_ih_l1', tensor([ 0.0789,  0.0336,  0.0362,  ...,  0.0186, -0.0664,  0.0157])), ('lstm.bias_hh_l1', tensor([-0.0126, -0.0415,  0.0316,  ..., -0.0520,  0.0333,  0.0451])), ('lstm.weight_ih_l2', tensor([[-0.0515,  0.0432,  0.0203,  ..., -0.0103,  0.0242, -0.0014],
        [-0.0103,  0.0038, -0.0435,  ...,  0.0536,  0.0385,  0.0727],
        [ 0.0011, -0.0447,  0.0211,  ...,  0.0263,  0.0240,  0.0770],
        ...,
        [-0.0266,  0.0376,  0.0431,  ...,  0.0840, -0.0601, -0.0423],
        [-0.0291,  0.0690, -0.0439,  ...,  0.0440,  0.0054, -0.0364],
        [-0.0273,  0.0136, -0.0717,  ..., -0.0655, -0.0056, -0.0331]])), ('lstm.weight_hh_l2', tensor([[ 0.0153,  0.0550, -0.0276,  ...,  0.0427,  0.0585,  0.0493],
        [-0.0562, -0.0066,  0.0262,  ..., -0.0407, -0.0068,  0.0556],
        [ 0.0385, -0.0012, -0.0170,  ...,  0.0608,  0.0588, -0.0469],
        ...,
        [-0.0302, -0.0565, -0.0392,  ..., -0.0397, -0.0483, -0.0261],
        [-0.0402, -0.0218, -0.0507,  ...,  0.0497, -0.0292,  0.0262],
        [ 0.0570,  0.0355,  0.0043,  ..., -0.0621, -0.0365,  0.0350]])), ('lstm.bias_ih_l2', tensor([0.0692, 0.0116, 0.0367,  ..., 0.0255, 0.0729, 0.0069])), ('lstm.bias_hh_l2', tensor([ 0.0002,  0.0260,  0.0705,  ..., -0.0423,  0.0449, -0.0225])), ('lstm.weight_ih_l3', tensor([[ 0.0153,  0.0037,  0.0068,  ...,  0.0170, -0.0041, -0.0125],
        [ 0.0215, -0.0159,  0.0269,  ...,  0.0691, -0.0251,  0.0536],
        [-0.0287, -0.0094, -0.0115,  ..., -0.0040, -0.0185, -0.0014],
        ...,
        [-0.0068, -0.0621, -0.0194,  ...,  0.0217,  0.0859, -0.0517],
        [-0.0338, -0.0157, -0.0200,  ...,  0.0043, -0.0223,  0.0076],
        [ 0.0031, -0.0130, -0.0580,  ...,  0.0601, -0.0126,  0.0366]])), ('lstm.weight_hh_l3', tensor([[-0.0040,  0.0006, -0.0541,  ...,  0.0033,  0.0025,  0.0125],
        [-0.0055,  0.0233,  0.0059,  ..., -0.0360, -0.0500,  0.0075],
        [ 0.0148, -0.0535,  0.0557,  ..., -0.0323,  0.0102,  0.0364],
        ...,
        [-0.0338,  0.0061, -0.0504,  ..., -0.0264, -0.0345,  0.0034],
        [-0.0345, -0.0415, -0.0365,  ..., -0.0071,  0.0289,  0.0359],
        [ 0.0013,  0.0321, -0.0513,  ..., -0.0509, -0.0620,  0.0618]])), ('lstm.bias_ih_l3', tensor([ 0.0543,  0.0720,  0.0053,  ..., -0.0443,  0.0522,  0.0675])), ('lstm.bias_hh_l3', tensor([ 0.0835,  0.0214,  0.0316,  ..., -0.0417,  0.0163,  0.0929])), ('fc.0.weight', tensor([[ 0.0318,  0.0251,  0.0613,  ...,  0.0939,  0.0208, -0.0169],
        [-0.0433,  0.0619,  0.0392,  ...,  0.0432,  0.0059, -0.0263],
        [-0.0320, -0.0231, -0.0274,  ...,  0.0190,  0.0230,  0.0018],
        ...,
        [-0.0339, -0.0319, -0.0238,  ..., -0.0078, -0.0570,  0.0523],
        [-0.0196,  0.0727, -0.0026,  ..., -0.0071,  0.0413,  0.0392],
        [ 0.0228, -0.0157, -0.0815,  ...,  0.0143,  0.0494,  0.0517]])), ('fc.0.bias', tensor([ 0.0069, -0.0176, -0.0152, -0.0061, -0.0219,  0.0399, -0.0103, -0.0543,
         0.0636,  0.0205, -0.0708,  0.0083,  0.0234,  0.0762, -0.0467,  0.0240,
         0.0164, -0.0090,  0.0406,  0.0110,  0.0591, -0.0659,  0.0701,  0.0605,
        -0.0137,  0.0212, -0.0081, -0.0628,  0.0376,  0.0623, -0.0906,  0.0207,
         0.0082,  0.0328, -0.0443,  0.0318, -0.0291,  0.0006, -0.0266, -0.0840,
        -0.0089,  0.0155, -0.0658,  0.0691, -0.0537, -0.0143, -0.0460,  0.0256,
         0.0098, -0.0239, -0.0270,  0.0435, -0.0499, -0.0377,  0.0402, -0.0242,
         0.0736,  0.0714, -0.1117,  0.0109, -0.0478, -0.0948,  0.0070, -0.0401,
         0.0061, -0.0273,  0.0285, -0.0120, -0.0149,  0.0308, -0.0236,  0.0156,
        -0.0026, -0.0044, -0.0404, -0.0022,  0.0599, -0.0346,  0.0127, -0.0587,
         0.0120, -0.0481, -0.0208,  0.0141,  0.0592, -0.0211, -0.0380, -0.0149,
         0.0678,  0.0456, -0.0378, -0.0256, -0.0569, -0.0727,  0.0244, -0.0920,
        -0.0535,  0.0598,  0.0488, -0.0245,  0.0178, -0.0458, -0.0481,  0.0317,
        -0.0022, -0.0337,  0.0079, -0.0250, -0.0237, -0.0648,  0.0377,  0.0643,
        -0.0573, -0.0258,  0.0004, -0.0393,  0.0203,  0.0036, -0.0257,  0.0122,
        -0.0135, -0.0052,  0.0762, -0.0224, -0.0320, -0.0387,  0.0187, -0.0004])), ('fc.3.weight', tensor([[ 1.1155e-01, -8.9800e-02,  5.7314e-02,  5.6871e-02,  8.4862e-02,
          1.1329e-01,  4.5487e-02,  1.2303e-01,  3.8805e-02,  2.2731e-02,
         -1.8859e-02,  8.5810e-02, -1.6839e-02,  9.0032e-02,  7.0915e-02,
         -7.4512e-02, -3.7060e-02,  1.0480e-02, -6.4805e-02,  9.3660e-02,
          1.0259e-01, -6.0129e-02,  4.0928e-02,  9.7661e-03,  6.8104e-02,
         -9.2906e-02,  1.4175e-02,  1.3752e-01, -9.1841e-03,  3.9107e-03,
         -2.7694e-02, -9.2332e-02, -4.9525e-02,  5.4361e-02, -3.1847e-02,
          4.7362e-02, -4.6246e-03,  3.8439e-02, -9.8728e-02, -1.0359e-01,
         -3.0552e-02, -2.7791e-02, -3.8790e-02,  5.0887e-03,  2.3836e-02,
         -2.7018e-03, -4.7814e-02,  7.1550e-02, -8.3035e-02, -5.5844e-02,
          1.2691e-02,  7.1249e-02, -7.4785e-02,  4.3951e-02,  2.7914e-02,
         -9.7035e-02,  1.1379e-01,  1.0952e-01, -1.2750e-01,  7.3263e-02,
          4.7679e-02, -8.7124e-02,  2.7124e-02, -6.4019e-02,  6.9574e-02,
          8.4890e-02,  2.2164e-02, -1.7526e-02, -9.4954e-02,  7.9113e-02,
          7.3047e-02,  1.6010e-02, -4.9482e-02,  1.1631e-01,  3.3536e-03,
          4.2604e-02,  5.4822e-02, -1.1220e-01, -1.9569e-03,  6.7757e-02,
         -9.3589e-02,  9.3979e-02, -4.6162e-02,  6.0259e-02,  7.9600e-03,
          7.2908e-02,  6.3825e-02, -7.2470e-02,  4.7069e-02,  6.2083e-02,
         -4.1070e-02,  4.4328e-02, -8.1936e-02, -5.2277e-02,  9.7129e-02,
         -2.9583e-02,  2.5622e-01,  8.9578e-02,  7.1721e-02, -7.5664e-02,
          3.4814e-03,  6.9778e-02, -3.1704e-02,  8.2840e-02,  5.2370e-02,
          9.8071e-02,  6.6125e-02,  1.0293e-01, -4.6283e-02,  2.9839e-03,
         -9.4322e-02,  1.0580e-01, -1.0574e-01, -2.4281e-02,  5.9716e-02,
          7.0034e-02, -8.4756e-02, -1.5025e-02, -5.8653e-02, -4.9571e-03,
          1.6402e-02,  9.8591e-02,  1.8564e-02,  1.1980e-02, -5.6962e-02,
         -8.6101e-02, -3.7240e-02, -6.6154e-03],
        [ 2.0496e-02, -5.5153e-02,  6.5433e-02,  8.9896e-02,  3.8127e-02,
         -5.5205e-02, -2.1668e-02, -1.7948e-01, -7.3992e-02, -3.8440e-02,
          5.1420e-02, -3.1995e-02,  3.5804e-02, -8.1117e-02,  7.8433e-02,
         -3.9095e-02,  5.8813e-02,  2.8037e-02,  7.8189e-02,  1.3529e-03,
         -3.0595e-02,  5.2270e-02, -6.2706e-02, -1.1187e-01, -6.6009e-02,
          7.4350e-03,  8.6331e-02, -1.6522e-01, -8.1143e-02, -1.1980e-01,
          5.2298e-02,  8.4766e-02, -1.0186e-02, -5.8773e-02,  1.3877e-02,
          5.3003e-02, -4.2246e-02, -1.1565e-01, -2.4400e-02, -2.7991e-02,
          9.7693e-03, -9.9558e-02,  9.0240e-03, -1.0357e-01, -1.4229e-02,
          7.5069e-02,  3.9877e-02, -2.0287e-02,  3.7279e-03,  8.7307e-02,
          3.2485e-05, -5.5691e-02,  4.2627e-02, -3.7728e-02, -9.3074e-02,
          1.9940e-03,  6.6931e-03, -3.0464e-02,  7.1645e-02, -8.8655e-02,
          5.9867e-02,  7.2463e-02, -8.8513e-02,  8.0947e-02, -5.4361e-02,
         -2.9780e-02, -8.5452e-02,  9.9817e-02,  2.3509e-02, -1.0270e-01,
         -3.9534e-02, -8.8599e-02,  2.7160e-02, -6.1366e-02, -9.3396e-02,
         -7.8017e-02, -7.7833e-02,  4.3733e-02,  1.0108e-01,  1.0372e-01,
         -5.2033e-02, -9.4944e-02,  2.5509e-02, -3.2702e-02, -1.0164e-01,
         -4.6304e-03, -4.6742e-02, -7.1155e-02, -3.8102e-02, -1.7177e-02,
         -3.4277e-02, -9.7430e-02,  6.2617e-02,  4.8670e-02, -9.3213e-02,
          5.3451e-02, -1.8685e-01,  5.6051e-03, -7.8400e-02,  6.2489e-02,
         -8.8635e-02, -3.6319e-02,  5.4073e-02, -4.3983e-02, -8.9350e-02,
         -8.1719e-02, -6.3751e-03,  2.8177e-02, -3.0478e-02,  1.0710e-01,
          5.9239e-02, -6.3056e-03, -1.0020e-02,  5.2133e-02, -7.8428e-02,
         -5.1891e-02,  5.4855e-02, -9.2046e-02,  1.0413e-01, -7.6164e-02,
          4.3697e-02, -3.8447e-02, -9.7816e-02, -1.6037e-01,  6.0815e-02,
         -1.1091e-02,  4.7175e-02,  5.7489e-02]])), ('fc.3.bias', tensor([ 0.0868, -0.0882]))])